845 -181 -647 -8 -85 -545 -205 -577 573 963 363 -710 -497 429 609 
-889 -279 804 -278 -417 -561 331 -580 23 -357 795 -468 567 -761 -937 
-685 -22 572 -871 592 -845 59 -150 265 -306 -920 -495 764 599 763 
-933 597 -131 -770 341 -34 -527 -862 -265 907 993 -27 773 91 -86 
131 450 356 275 385 -223 467 379 -556 -120 856 409 138 -547 255 
513 513 -121 -162 773 203 987 197 937 231 164 423 -846 22 203 
-459 307 -358 351 591 910 -288 318 -173 179 -742 783 -402 -770 387 
-401 686 502 538 -66 162 -729 224 385 712 -126 398 -27 361 -738 
546 925 319 533 -583 495 68 -397 896 -960 134 -915 -303 -922 782 
-365 431 538 -442 626 716 227 -103 293 734 534 118 -995 -345 -307 
1 231 -926 -426 -158 240 -710 588 -893 380 -58 -793 -835 -587 -844 
-327 -901 448 -79 -706 -840 617 849 -375 -785 -170 -977 91 966 359 
961 -562 -100 337 -337 -454 -213 -89 -645 -584 899 858 691 549 -359 
-437 515 -953 -607 609 988 -934 132 514 -496 -95 -937 707 -390 -744 
518 -351 -784 -815 734 383 -391 895 915 -284 562 -929 781 -590 -301 
