589 481 -668 927 98 272 240 404 1137 265 377 -441 331 979 1192 
-907 -1202 1273 331 -39 258 -347 -563 -955 117 354 -233 547 -935 -448 
-763 811 414 -1094 -37 -374 -329 -428 49 -158 -314 -15 -54 1215 813 
-1114 -21 288 -776 819 242 -1268 -762 476 365 749 624 901 112 -195 
751 66 1176 677 -172 -422 681 952 -963 -1111 1485 1100 -803 -168 1057 
-31 -145 -611 523 1392 467 671 -710 1536 -41 685 1218 -1533 703 928 
-1262 -535 -495 -310 521 1255 292 782 -800 -667 -330 1311 -1010 -147 498 
106 -117 -84 -322 405 262 -1421 975 758 146 -452 1357 -794 -133 -1613 
467 648 -158 815 -1251 -244 -118 -514 707 -957 98 -1290 -1205 -966 390 
200 659 1430 -1434 1364 145 1165 174 931 1399 76 139 -1969 604 -27 
-417 1046 -1898 -1406 -864 1154 -1273 -145 -913 1292 658 -415 -1710 -665 -1503 
-117 -1196 581 541 -732 -212 390 1333 -316 -1310 -813 -1502 330 424 1083 
299 -1214 -154 430 -86 -589 750 -222 -982 -356 538 -121 894 563 -1046 
-1137 293 -308 185 -283 681 -433 161 566 -169 -935 -27 571 -1269 -249 
791 1 -1347 -1406 101 -321 -1082 551 1310 -882 39 -1589 1627 -535 547 
