-256 662 -21 935 183 817 445 981 564 -698 14 269 828 550 583 
-18 -923 469 609 378 819 -678 17 -978 474 -441 235 -20 -174 489 
-78 833 -158 -223 -629 471 -388 -278 -216 148 606 480 -818 616 50 
-181 -618 419 -6 478 276 -741 100 741 -542 -244 651 128 21 -109 
620 -384 820 402 -557 -199 214 573 -407 -991 629 691 -941 379 802 
-544 -658 -490 685 619 264 -316 -907 599 -272 521 795 -687 681 725 
-803 -842 -137 -661 -70 345 580 464 -627 -846 412 528 -608 623 111 
507 -803 -586 -860 471 100 -692 751 373 -566 -326 959 -767 -494 -875 
-79 -277 -477 282 -668 -739 -186 -117 -189 3 -36 -375 -902 -44 -392 
565 228 892 -992 738 -571 938 277 638 665 -458 21 -974 949 280 
-418 815 -972 -980 -706 914 -563 -733 -20 912 716 378 -875 -78 -659 
210 -295 133 620 -26 628 -227 484 59 -525 -643 -525 239 -542 724 
-662 -652 -54 93 251 -135 963 -133 -337 228 -361 -979 203 14 -687 
-700 -222 645 792 -892 -307 501 29 52 327 -840 910 -136 -879 495 
273 352 -563 -591 -633 -704 -691 -344 395 -598 -523 -660 846 55 848 
