-694 424 640 -965 -288 836 -274 592 115 -935 287 -570 847 861 -334 
272 102 126 -482 -375 -926 624 -895 -162 -763 -216 278 920 -983 -560 
180 -105 635 -493 91 202 851 90 -61 104 585 -708 -390 -603 -414 
-551 -874 -57 707 165 -235 -330 -560 218 -976 -22 -614 47 925 -456 
-131 -806 -635 567 23 287 821 978 287 873 -549 820 708 117 -902 
-600 -957 -459 154 -798 478 -866 632 748 91 459 189 862 -789 -12 
-242 410 -719 -90 -222 774 -486 84 -519 -164 304 278 848 489 -937 
-746 -748 164 -190 -719 -175 292 -878 330 -34 -99 -830 84 -512 614 
923 967 -700 -421 -610 870 765 480 971 824 -696 353 -498 -764 396 
256 -329 -575 72 585 206 20 953 -771 -111 -206 107 357 -343 -959 
-614 890 -414 -284 -258 -249 394 -239 613 334 92 819 -719 -433 -145 
288 205 364 -589 991 -825 -558 -783 972 572 127 -771 187 391 173 
626 942 -161 893 -469 -840 479 -213 -635 726 12 -998 6 -393 184 
-741 -279 921 778 -958 189 -54 60 -557 -755 926 873 -448 -746 474 
982 -93 999 732 532 305 -595 -667 455 -530 68 -28 782 -502 121 
