-676 -562 133 -710 -246 191 -758 -328 -3 -661 712 -707 1079 -25 180 
-641 -324 248 92 396 -1082 417 -636 406 -1240 -282 1024 517 -253 94 
581 226 -352 250 -379 -222 334 -719 -509 293 1449 -919 -221 -1255 -525 
-9 -256 95 369 -464 303 652 -1273 636 7 303 -1465 -148 1381 -299 
-240 -506 -1106 726 -299 37 1188 114 997 1114 302 -3 -175 398 61 
-951 -1877 -642 1036 -919 -158 70 93 1515 786 460 -689 -29 -383 -577 
-927 414 -656 398 -356 52 -697 662 -1347 -799 2 -415 671 596 -188 
-27 -428 652 183 -1247 796 -502 -1100 -73 348 -1007 -974 -810 -665 1545 
559 1752 -184 -726 128 1234 -217 947 644 1549 -553 187 485 -1727 -578 
-256 -574 -1150 -598 -111 -556 -121 733 -404 97 782 69 981 -47 -1926 
-325 -4 -444 105 -1156 -1190 350 34 1020 516 -82 252 -966 257 -918 
1200 -11 973 -711 279 -760 -277 -1646 1443 -11 -402 -372 -689 -458 372 
1258 -29 641 1367 -519 -249 1234 -1017 -1602 414 -309 -497 526 -1276 -704 
-240 -1071 177 1756 -658 451 733 599 -312 -1006 512 1228 -1303 -636 -466 
465 71 1163 1116 1273 519 -1442 -1136 801 -347 -460 862 612 -791 -298 
