18 -986 -507 255 42 -645 -484 -920 -118 274 425 -137 232 -886 514 
-913 -426 122 574 771 -156 -207 259 568 -477 -66 746 -403 730 654 
401 331 -987 743 -470 -424 -517 -809 -448 189 864 -211 169 -652 -111 
542 618 152 -338 -629 538 982 -713 418 983 325 -851 -195 456 157 
-109 300 -471 159 -322 -250 367 -864 710 241 851 -823 -883 281 963 
-351 -920 -183 882 -121 -636 936 -539 767 695 1 -878 -891 406 -565 
-685 4 63 488 -134 -722 -211 578 -828 -635 -302 -693 -177 107 749 
719 320 488 373 -528 971 -794 -222 -403 382 -908 -144 -894 -153 931 
-364 785 516 -305 738 364 -982 467 -327 725 143 -166 983 -963 -974 
-512 -245 -575 -670 -696 -762 -141 -220 367 208 988 -38 624 296 -967 
289 -894 -30 389 -898 -941 -44 273 407 182 -174 -567 -247 690 -773 
912 -216 609 -122 -712 65 281 -863 471 -583 -529 399 -876 -849 199 
632 -971 802 474 -50 591 755 -804 -967 -312 -321 501 520 -883 -888 
501 -792 -744 978 300 262 787 539 245 -251 -414 355 -855 110 -940 
-517 164 164 384 741 214 -847 -469 346 183 -528 890 -170 -289 -419 
