61 312 183 224 3 441 -303 -224 -405 318 -141 -386 -164 -307 -54
123 -140 166 -91 -486 193 -286 333 -275 -1 145 -108 -499 500 313
-389 241 389 -481 -225 70 392 337 -122 -208 240 -317 -292 -463 -16
-211 194 -476 322 -154 345 -370 -260 386 -169 168 159 500 -222 -474
246 278 -92 -165 383 197 488 -3 -242 -306 289 353 -31 242 290
-363 231 -255 371 -325 479 411 424 361 46 -111 84 -351 -201 -457
479 407 133 -493 -42 -29 -286 312 385 183 175 181 78 -139 -275
313 -163 -275 156 4 -308 225 443 341 -20 78 -38 -247 427 15
-314 -267 -22 -458 231 -363 320 207 -151 254 -39 -106 -164 450 199
44 252 23 125 104 -269 -320 307 282 -443 278 335 136 -207 140
499 92 454 69 294 -401 275 -193 205 -129 -436 -33 71 -277 237
-30 -230 -83 318 11 -309 350 499 -97 -316 -27 -189 -399 177 -368
373 -36 387 -174 149 -198 109 -253 458 -63 -144 254 -82 -72 -213
-422 119 429 -499 282 170 -246 96 345 -183 434 -219 97 -425 345
-252 -166 -403 -251 -143 260 378 -180 -320 -488 135 264 233 62 393