629 -108 362 -199 -234 -313 252 204 -250 562 -209 681 -370 -833 859 
-345 509 168 -589 399 -364 210 338 595 -520 -439 344 -313 -223 42 
394 785 -210 299 138 -190 -245 252 421 -277 -81 -290 -132 547 647 
447 -143 225 699 -672 -275 -507 108 65 568 711 -701 -846 591 300 
-904 232 -19 -209 -192 143 -100 -10 177 415 482 -137 -326 431 -777 
677 202 -274 -317 -769 292 144 -11 103 109 713 -33 -194 -71 376 
116 -219 621 712 40 -193 -594 -543 -202 -145 -246 -80 201 -522 -524 
76 562 -409 164 220 -351 -382 -50 -491 19 796 -701 -476 -352 786 
-110 -14 600 -701 -65 153 -206 -239 32 -660 202 257 -161 143 638 
-171 -551 -398 545 -482 899 374 -136 -99 -74 650 38 512 -603 -10 
-471 13 -208 -863 -474 -209 180 33 -237 -40 -344 75 -361 457 767 
102 -193 691 -665 718 308 241 -450 -580 -18 155 -109 -570 229 740 
489 308 -276 604 -202 -911 -297 94 -181 -218 326 -520 517 20 -208 
-252 -229 -22 399 413 -441 320 -364 520 -15 -356 359 -453 -49 376 
-7 206 117 -204 604 489 -267 -269 -73 397 -91 111 275 167 -817 
