-82 59 256 11 -350 -175 29 -1 -330 370 -267 100 39 60 -31
108 -67 52 349 381 -125 371 49 333 356 -47 300 -231 349 155
169 203 -40 104 -82 250 -382 -55 -74 80 -325 40 -10 286 208
-312 343 127 14 352 -242 -262 -388 -50 40 -102 -43 6 -51 -105
-396 -216 -9 315 -277 184 156 185 258 -265 -61 23 357 277 340
40 106 -83 -72 -146 365 -262 3 -226 -311 -103 -306 242 153 -196
313 -189 211 -284 -31 -70 158 127 333 -15 314 -44 -267 -240 -242
307 -362 -129 -280 -331 26 -300 205 -17 328 60 114 -12 -24 22
-87 -337 372 345 -317 69 178 43 -391 -201 346 160 -102 315 -201
-384 -223 -129 216 -173 -340 269 66 -258 78 -290 -180 -180 62 -216
185 378 -285 259 -361 -60 255 -300 -218 -358 381 -318 121 -305 -111
346 335 309 -166 230 256 205 -308 307 -263 136 -185 122 56 85
19 -161 -301 253 -178 246 127 -335 61 -111 -375 163 -217 214 -262
-261 -281 306 -90 161 -240 47 -33 -344 95 -147 -367 -291 -123 -8
-216 -132 247 -265 321 -191 134 -112 271 -254 236 -293 -123 -223 -396
