-334 -278 38 395 -126 175 33 52 17 -113 -156 -212 42 169 349
318 328 181 300 342 104 137 -123 -180 285 -16 -99 47 383 110
41 -89 49 -366 12 -215 -114 -112 118 362 202 -348 -232 33 121
363 -43 -362 -366 206 77 144 -277 294 361 -155 -15 124 -387 82
-117 328 27 353 57 86 182 -17 -351 330 195 68 -53 32 -38
255 8 -318 -395 314 394 -75 -168 -241 49 -253 -377 -99 247 147
8 50 131 -100 -28 372 86 206 -56 159 -306 28 -112 261 -187
-155 -26 336 173 290 135 -199 -307 -379 -337 -116 -246 223 -8 -147
177 142 -382 -399 -313 -284 149 147 150 -310 -279 321 -187 215 -113
133 -73 -116 -397 95 11 -123 360 392 -210 -244 200 -175 -285 334
310 -141 182 266 379 175 -245 252 400 15 104 186 191 90 398
-70 96 379 -25 -17 -125 -273 394 -359 268 -215 -357 289 373 183
380 88 -189 -169 -153 310 -252 -264 385 -244 284 340 -161 13 117
-280 206 -372 0 223 -189 7 388 -196 -6 127 -233 -104 378 -117
-16 -363 387 49 78 384 233 -51 96 -323 199 192 -211 -181 -265
