
56 91 122 129 40 151 127 148 63 32 90 136 121 60 133 102 57 50 116 36 
47 127 105 128 124 93 197 129 56 38 148 27 17 147 28 107 128 62 99 46 
79 155 181 53 93 95 52 186 151 68 91 119 18 137 121 155 84 138 33 55 
29 107 59 24 100 80 148 95 42 58 139 98 83 55 80 88 108 109 45 80 
54 148 34 30 70 184 71 60 55 158 186 115 25 98 132 133 68 76 136 45 
12 113 162 99 65 129 138 142 114 44 67 84 72 125 46 161 136 132 95 39 
155 88 136 24 101 83 37 31 103 123 45 89 90 88 148 36 105 28 76 74 
171 51 129 126 81 117 76 107 60 90 139 147 171 65 130 89 156 80 89 117 
33 64 24 114 56 112 54 69 133 123 44 108 88 56 72 119 84 86 63 101 
125 113 107 122 95 150 107 137 87 96 81 143 80 25 40 126 52 58 116 151 
91 110 111 175 121 79 170 34 94 186 111 80 25 99 132 28 54 115 104 63 
71 89 114 172 114 127 133 118 91 36 84 144 183 168 89 156 26 30 138 145 
141 80 74 37 66 100 174 47 53 34 123 103 99 104 75 114 24 85 37 64 
22 107 41 121 83 100 71 60 126 110 64 47 79 73 80 145 110 33 89 58 
79 69 115 149 70 102 105 161 133 129 103 84 74 95 140 34 105 66 96 174 
105 80 100 69 39 58 169 151 51 119 98 85 143 95 128 76 80 80 83 57 
30 68 125 107 119 133 72 167 67 179 146 106 105 81 68 83 130 149 106 81 
91 34 81 137 97 60 64 116 119 70 54 41 172 144 91 88 118 166 94 17 
95 34 71 102 66 144 109 79 114 53 150 44 84 105 157 71 65 86 114 84 
121 17 141 38 100 32 175 24 31 21 78 119 60 86 78 39 153 116 101 170 