-298 -253 -446 -223 -276 104 139 -449 331 73 -458 208 360 402 -450
220 10 -385 418 -222 -138 333 402 167 -275 -235 -62 -65 492 162
-161 -175 489 -217 275 62 -500 -413 297 22 -468 155 159 318 -15
484 461 -185 145 338 -428 188 305 296 -34 -105 126 -98 -64 472
-368 297 361 482 480 -6 -286 -175 -403 -95 -485 429 -94 241 446
15 -309 18 -386 104 74 -400 -399 -303 374 -384 104 -483 172 99
107 450 89 154 -171 -363 -286 -277 -434 78 117 361 -2 393 -40
-96 -192 -47 187 294 428 -6 232 118 -149 75 82 -29 -395 67
-470 -171 -46 -200 42 431 -196 -218 256 367 -321 -245 442 -246 464
335 -390 32 -367 -53 118 -321 113 -224 25 422 151 -356 227 370
-237 -93 338 -168 228 -131 -413 111 -236 25 76 381 -459 464 120
29 -77 352 -316 -321 220 473 -326 -172 -141 -435 156 106 1 -405
434 -278 -254 -444 397 295 349 104 -122 -282 -215 -166 -452 -370 393
-192 -158 156 380 95 218 448 383 120 -47 -246 -239 -145 211 -353
-493 222 13 -17 376 -369 -466 265 316 113 -354 291 282 413 -180