-450 389 -619 -266 248 -207 221 -53 741 -926 -60 432 -4 19 135 
-245 109 -153 -129 470 -416 561 -668 -24 -215 -29 -16 611 -147 437 
234 -83 509 570 19 -763 -50 12 343 536 -123 157 -209 -775 -141 
167 -294 -48 656 -95 -191 -491 -433 424 -493 617 -704 -631 539 1 
57 332 -794 195 -455 376 249 -704 790 -900 -357 388 -113 -241 -29 
849 610 114 -884 371 233 198 95 -334 185 -583 115 409 -20 -78 
-449 787 18 722 -564 -435 -194 437 -529 -70 566 73 -305 -759 -255 
-755 114 64 -721 37 478 -53 -68 -148 -52 -212 85 731 242 -521 
-555 366 -173 -416 -305 207 -443 -513 -99 349 168 73 -49 -734 513 
213 -38 -108 -316 187 106 -44 88 300 906 387 -165 -144 -434 425 
35 -189 -782 -409 311 86 -939 81 557 -62 891 -333 99 -349 311 
-278 59 542 117 267 -803 -280 177 351 -84 620 671 -694 260 -554 
714 463 108 -17 -245 -486 -25 -510 -144 -22 -2 147 -188 -572 78 
215 424 764 -556 -335 275 739 -36 114 102 247 -141 189 -6 -483 
414 -321 -431 915 150 436 97 514 -372 -264 435 108 -306 602 462 
