-25 -354 -90 165 -149 220 473 -319 15 -193 654 566 16 367 -16 
369 -351 50 331 133 237 -314 -141 38 80 70 -46 643 34 203 
196 -118 -117 -12 48 236 -36 177 245 -209 411 -467 297 695 -189 
874 -380 -149 -25 -107 119 288 341 131 -433 -278 379 -212 -273 26 
776 376 -632 -566 654 -160 182 -452 -627 189 362 -103 140 506 327 
-135 118 -442 908 -89 16 -41 206 -159 -334 417 -13 252 -688 -224 
-696 -438 527 422 159 -537 -602 299 912 64 429 194 -330 139 -497 
-213 -607 -361 908 -416 -525 347 165 -563 394 -113 880 277 395 -408 
-558 -510 436 -431 43 -211 -179 -106 88 -216 243 695 180 527 5 
-251 571 20 347 -17 146 -228 -242 555 -440 501 376 395 58 -84 
-25 288 -319 654 -172 -352 544 -480 -572 -294 -464 -192 -668 -179 7 
-255 -455 -660 -99 903 303 -61 -791 131 490 -3 387 48 -730 370 
58 831 157 316 -507 -282 635 630 243 403 -396 85 -516 -317 -81 
-898 732 -198 176 44 -20 -177 -171 -107 -418 -157 337 10 833 841 
-723 570 259 -429 116 270 682 -180 -532 872 83 -344 4 575 -57 
 -145 31 -706 

56 -565 -310 
