-951 327 -314 610 -24 -695 853 -651 858 -51 76 -664 326 969 -193 
533 595 566 906 -685 -433 -767 170 632 -175 570 469 -69 784 343 
-613 888 629 915 629 736 -515 -255 -710 297 -790 880 911 518 -313 
-692 -538 565 -995 834 -266 556 931 -534 -160 577 -723 -259 -7 779 
-616 -589 -919 839 476 313 -587 620 376 -592 -332 641 541 -9 20 
-92 -937 -896 -940 887 -617 -721 29 -695 -642 133 -90 -105 68 512 
892 380 334 -555 65 -290 151 -360 -429 -394 -928 822 -28 -406 -554 
-50 186 548 597 797 757 -410 -943 853 -305 -949 -214 -123 -295 -752 
-945 -703 -889 598 653 -529 106 -408 218 -769 -462 987 -839 -226 188 
-865 283 -706 510 -718 -462 -871 -129 679 -87 -474 -547 144 810 -823 
-147 64 -779 -188 180 264 397 -347 -46 -195 167 468 874 -567 -26 
517 669 708 336 369 339 -190 -135 -440 -39 283 -365 -57 82 549 
247 -347 -145 -914 -628 -118 -148 655 104 -734 390 544 860 -810 -74 
145 466 473 -838 298 111 737 594 -371 -404 -530 -498 148 -655 -548 
532 363 -649 574 491 231 -23 -79 -876 -255 228 -705 165 37 -683 
