-1542 376 350 1565 -937 -354 229 43 1446 -322 312 -996 -507 142 -962 
353 1419 1407 148 -1602 -92 -995 139 1312 115 573 1109 578 936 608 
-1311 1747 733 1366 655 458 -947 231 -1118 522 -1111 1362 1495 414 364 
120 -14 409 -904 1366 -1231 836 489 -1233 -528 131 -1661 56 -601 1144 
-558 -1361 -999 195 1063 -129 -6 1183 -8 -968 211 1270 -186 869 500 
-383 -1620 -369 -280 1624 -1100 -438 -188 -98 -1610 -597 903 167 -546 23 
-38 690 1137 -1053 -404 580 -377 -239 -603 45 -59 1560 121 -1212 -1365 
-141 923 602 -203 1054 -42 -1061 -1220 -67 679 -1262 -791 -978 -136 53 
-181 -1593 -328 709 -86 -449 -406 455 1060 -941 -458 450 -1238 475 741 
-175 -306 -730 769 -561 -636 -669 -1125 408 290 280 -1353 788 -14 -1784 
-681 -54 52 -596 -398 714 855 381 -149 -925 -240 1164 254 -690 391 
293 1182 383 -176 1259 1143 -1042 -260 250 893 464 -1077 -36 -29 -14 
1164 -403 -725 -1890 -226 357 478 1652 -877 -270 -167 1034 1535 -180 -19 
-478 -298 -317 -1043 1177 717 1306 -398 -1185 -603 -1048 -1278 -563 -1013 235 
1496 -418 -1419 -142 90 -489 54 446 -151 -205 -671 -125 506 46 217 
