-591 49 664 955 -913 341 -624 694 588 -271 236 -332 -833 -827 -769 
-180 824 841 -758 -917 341 -228 -31 680 290 3 640 647 152 265 
-698 859 104 451 26 -278 -432 486 -408 225 -321 482 584 -104 677 
812 524 -156 91 532 -965 280 -442 -699 -368 -446 -938 315 -594 365 
58 -772 -80 -644 587 -442 581 563 -384 -376 543 629 -727 878 480 
-291 -683 527 660 737 -483 283 -217 597 -968 -730 993 272 -614 -489 
-930 310 803 -498 -469 870 -528 121 -174 439 869 738 149 -806 -811 
-91 737 54 -800 257 -799 -651 -277 -920 984 -313 -577 -855 159 805 
764 -890 561 111 -739 80 -512 863 842 -172 4 -537 -399 701 553 
690 -589 -24 259 157 -174 202 -996 -271 377 754 -806 644 -824 -961 
-534 -118 831 -408 -578 450 458 728 -103 -730 -407 696 -620 -123 417 
-224 513 -325 -512 890 804 -852 -125 690 932 181 -712 21 -111 -563 
917 -56 -580 -976 402 475 626 997 -981 464 -557 490 675 630 55 
-623 -764 -790 -205 879 606 569 -992 -814 -199 -518 -780 -711 -358 783 
964 -781 -770 -716 -401 -720 77 525 725 50 -899 580 341 9 900 
